145 186 181 169 176 175 97 166 181 97 173 166 97 164 162 180 180 166 110 181 43 181 166 75 165 166 180 97 164
162 179 162 164 181 41 179 166 180 97 162 164 164 166 175 181 182 42 180 97 165 162 175 180 97 173 166 180 97
181 166 185 181 166 180 75 75 150 175 97 171 176 182 179 97 176 182 97 173 104 162 182 181 179 166 109 97 173
166 97 165 42 183 166 173 176 177 177 166 182 179 97 180 176 182 180 97 145 186 181 169 176 175 97 180 166 179
162 97 164 176 175 167 179 176 175 181 42 97 33 97 182 175 97 174 166 180 180 162 168 166 97 165 104 166 179
179 166 182 179 75 165 60 97 33 97 182 175 97 164 162 179 162 164 181 41 179 166 97 162 164 164 166 175 181
182 42 111 97 134 185 166 174 177 173 166 97 123 75 150 175 170 164 176 165 166 134 175 164 176 165 166 134 179
179 176 179 123 97 104 162 180 164 170 170 104 97 164 176 165 166 164 97 164 162 175 104 181 97 166 175 164 176
165 166 97 164 169 162 179 162 164 181 166 179 180 97 8039 75 145 176 182 179 178 182 176 170 97 128 97 145 162
179 164 166 97 178 182 166 97 180 176 182 180 97 145 186 181 169 176 175 97 173 162 97 168 166 180 181 170 176
175 97 165 166 180 97 181 166 185 181 166 180 97 105 164 169 162 47 175 166 180 97 165 166 97 164 162 179 162
164 181 41 179 166 180 106 97 175 104 166 180 181 75 183 179 162 170 174 166 175 181 97 177 162 180 97 180 170
174 177 173 166 111 111 111 75 133 162 175 180 97 173 162 97 177 173 182 177 162 179 181 97 165 166 180 97 173
162 175 168 162 168 166 180 97 165 166 97 165 42 183 166 173 176 177 177 166 174 166 175 181 109 97 176 175 97
177 166 182 181 97 181 179 162 183 162 170 173 173 166 179 97 162 183 166 164 97 182 175 97 180 166 182 173 97
181 186 177 166 75 165 166 97 164 169 162 47 175 166 180 97 123 97 99 148 181 179 170 175 168 99 111 97 142
162 170 180 97 145 186 181 169 176 175 97 105 171 182 180 178 182 104 33 97 173 162 97 183 166 179 180 170 176
175 97 115 111 120 111 185 106 97 175 176 182 180 97 176 163 173 170 168 166 97 33 97 171 176 175 168 173 166
179 75 162 183 166 164 97 115 97 181 186 177 166 180 97 123 97 182 175 170 164 176 165 166 97 166 181 97 180
181 179 97 105 33 97 177 162 179 181 170 179 97 165 166 97 173 162 97 183 166 179 180 170 176 175 97 116 111
113 97 165 166 97 145 186 181 169 176 175 109 97 170 173 97 175 8026 186 97 162 97 177 173 182 180 97 165 166
75 180 181 179 106 111 97 132 166 179 181 162 170 175 166 180 97 167 176 175 164 181 170 176 175 180 97 179 166
181 176 182 179 175 166 175 181 97 165 166 180 97 181 166 185 181 166 180 97 165 166 97 181 186 177 166 97 182
175 170 164 176 165 166 109 97 165 104 162 182 181 179 166 180 97 165 166 180 97 180 181 179 111 75 132 166 179
181 162 170 175 166 180 97 179 42 164 173 162 174 166 175 181 97 165 166 180 97 166 175 181 179 42 166 180 97
166 175 97 182 175 170 164 176 165 166 109 97 165 104 162 182 181 179 166 180 97 166 175 97 180 181 179 111 75
134 180 180 162 186 176 175 180 97 165 42 171 33 97 165 104 166 185 177 173 170 178 182 166 179 97 173 162 97
165 170 167 167 42 179 166 175 164 166 97 166 175 181 179 166 97 173 166 180 97 165 166 182 185 97 181 186 177
166 180 111